kinematics:
  shoulder:
    x: 0
    y: 0
    z: 0.08944066670827282
    roll: -0
    pitch: 0
    yaw: -1.127763403409604e-05
  upper_arm:
    x: 2.241233012566838e-05
    y: 0
    z: 0
    roll: 1.569434969615439
    pitch: 0
    yaw: 1.926892784946778e-05
  forearm:
    x: -0.4255204973093404
    y: 0
    z: 0
    roll: 3.13840065094948
    pitch: 3.13922011199822
    yaw: -3.141564023781984
  wrist_1:
    x: -0.3920641883612647
    y: -0.00139179725925809
    z: 0.1109001909756448
    roll: 0.01254933993726593
    pitch: 0.001169788810159792
    yaw: -3.597589778008839e-05
  wrist_2:
    x: 2.582228933420301e-05
    y: -0.09482875198638333
    z: 4.205107459802929e-05
    roll: 1.570352884579737
    pitch: 0
    yaw: -4.362467327410192e-05
  wrist_3:
    x: 8.265202243460866e-05
    y: 0.08256209008760497
    z: 1.701969142851247e-05
    roll: 1.571002470936468
    pitch: 3.141592653589793
    yaw: -3.141547816757695
  hash: calib_9005666332535544601